%YAML:1.0
rotation: !!opencv-matrix
   rows: 3
   cols: 3
   dt: d
   data: [ 9.9983561331411575e-01, -1.2884255902335129e-02,
       -1.2757048978083465e-02, 1.2899038123325440e-02,
       9.9991622377838218e-01, 1.0771444997650966e-03,
       1.2742102035342321e-02, -1.2415210926599908e-03,
       9.9991804537226825e-01 ]
translation: !!opencv-matrix
   rows: 3
   cols: 1
   dt: d
   data: [ -4.1920721007947852e-02, -1.5365374015708986e-03,
       7.6642975041500130e-03 ]
essential: !!opencv-matrix
   rows: 3
   cols: 3
   dt: d
   data: [ -1.1844078204647518e-04, -7.6617477746700495e-03,
       -1.5446670311213156e-03, 8.1971957001620646e-03,
       -1.5079422970597925e-04, 4.1819511592220353e-02,
       9.9554783684090804e-04, -4.1937006189419659e-02,
       -6.4756356948395227e-05 ]
fundamental: !!opencv-matrix
   rows: 3
   cols: 3
   dt: d
   data: [ -1.0768182102169971e-07, -6.9565696213399239e-06,
       1.0254590612263715e-03, 7.4552241511440323e-06,
       -1.3696395401391942e-07, 1.1934473462658593e-02,
       -2.9736077851066052e-03, -3.3407906276214594e-02, 1. ]
