%YAML:1.0
cameraMatrix: !!opencv-matrix
   rows: 3
   cols: 3
   dt: d
   data: [ 3.6261372550355514e+02, 0., 2.5310184271004459e+02, 0.,
       3.6309316930520663e+02, 2.1669328650303029e+02, 0., 0., 1. ]
distortionCoefficients: !!opencv-matrix
   rows: 1
   cols: 5
   dt: d
   data: [ 1.0007146860637367e-01, -3.1347157365913908e-01,
       2.7194575616180353e-03, -3.3098983343810527e-04,
       1.2355882436489049e-01 ]
rotation: !!opencv-matrix
   rows: 3
   cols: 3
   dt: d
   data: [ 1., 0., 0., 0., 1., 0., 0., 0., 1. ]
projection: !!opencv-matrix
   rows: 4
   cols: 4
   dt: d
   data: [ 3.6261372550355514e+02, 0., 2.5310184271004459e+02, 0., 0.,
       3.6309316930520663e+02, 2.1669328650303029e+02, 0., 0., 0., 1.,
       0., 0., 0., 0., 1. ]
