%YAML:1.0
cameraMatrix: !!opencv-matrix
   rows: 3
   cols: 3
   dt: d
   data: [ 1.0533457154589462e+03, 0., 9.5255170711209871e+02, 0.,
       1.0529715956757291e+03, 5.4050396155113071e+02, 0., 0., 1. ]
distortionCoefficients: !!opencv-matrix
   rows: 1
   cols: 5
   dt: d
   data: [ 7.3251800307590096e-03, 1.0830481420034292e-01,
       1.1585676959777165e-03, 2.1683339506768184e-05,
       -2.2169380304218009e-01 ]
rotation: !!opencv-matrix
   rows: 3
   cols: 3
   dt: d
   data: [ 1., 0., 0., 0., 1., 0., 0., 0., 1. ]
projection: !!opencv-matrix
   rows: 4
   cols: 4
   dt: d
   data: [ 1.0533457154589462e+03, 0., 9.5255170711209871e+02, 0., 0.,
       1.0529715956757291e+03, 5.4050396155113071e+02, 0., 0., 0., 1.,
       0., 0., 0., 0., 1. ]
