%YAML:1.0
depthShift: -3.4137533752065224e+01
