%YAML:1.0
cameraMatrix: !!opencv-matrix
   rows: 3
   cols: 3
   dt: d
   data: [ 1.0573586299847150e+03, 0., 9.5924823646900734e+02, 0.,
       1.0533655366610599e+03, 5.4607108885191133e+02, 0., 0., 1. ]
distortionCoefficients: !!opencv-matrix
   rows: 1
   cols: 5
   dt: d
   data: [ -8.0711728636937621e-03, 1.5876819336681192e-01,
       3.6136954211081476e-03, -1.8737512208549874e-03,
       -2.4814816703032075e-01 ]
rotation: !!opencv-matrix
   rows: 3
   cols: 3
   dt: d
   data: [ 1., 0., 0., 0., 1., 0., 0., 0., 1. ]
projection: !!opencv-matrix
   rows: 4
   cols: 4
   dt: d
   data: [ 1.0573586299847150e+03, 0., 9.5924823646900734e+02, 0., 0.,
       1.0533655366610599e+03, 5.4607108885191133e+02, 0., 0., 0., 1.,
       0., 0., 0., 0., 1. ]
