%YAML:1.0
cameraMatrix: !!opencv-matrix
   rows: 3
   cols: 3
   dt: d
   data: [ 3.6288942472212307e+02, 0., 2.5138983740283203e+02, 0.,
       3.6090338046597168e+02, 2.0779892644381883e+02, 0., 0., 1. ]
distortionCoefficients: !!opencv-matrix
   rows: 1
   cols: 5
   dt: d
   data: [ 9.3613646941771447e-02, -2.7784800968918183e-01,
       2.3900800531380089e-03, -4.5870838511382825e-04,
       1.1300708300140797e-01 ]
rotation: !!opencv-matrix
   rows: 3
   cols: 3
   dt: d
   data: [ 1., 0., 0., 0., 1., 0., 0., 0., 1. ]
projection: !!opencv-matrix
   rows: 4
   cols: 4
   dt: d
   data: [ 3.6288942472212307e+02, 0., 2.5138983740283203e+02, 0., 0.,
       3.6090338046597168e+02, 2.0779892644381883e+02, 0., 0., 0., 1.,
       0., 0., 0., 0., 1. ]
