%YAML:1.0
depthShift: -3.2266548899705867e+01
