%YAML:1.0
rotation: !!opencv-matrix
   rows: 3
   cols: 3
   dt: d
   data: [ 9.9989249175137296e-01, -9.1626089688025963e-03,
       1.1447774286528843e-02, 9.1538168165861064e-03,
       9.9995776657515845e-01, 8.2018516774112868e-04,
       -1.1454805843787934e-02, -7.1530616229369690e-04,
       9.9993413571103540e-01 ]
translation: !!opencv-matrix
   rows: 3
   cols: 1
   dt: d
   data: [ -5.1464664414070410e-02, 2.9807879046871892e-04,
       1.6357291878748837e-03 ]
essential: !!opencv-matrix
   rows: 3
   cols: 3
   dt: d
   data: [ -1.8387600018320164e-05, -1.6358733230248377e-03,
       2.9671755690279303e-04, 1.0460355948157885e-03,
       -5.1800538523116290e-05, 5.1480000189078653e-02,
       -7.6914485511348104e-04, -5.1459759705634926e-02,
       -4.5622893128082651e-05 ]
fundamental: !!opencv-matrix
   rows: 3
   cols: 3
   dt: d
   data: [ -1.8057466404938219e-08, -1.6153431708184737e-06,
       4.4594847946920787e-04, 1.0311490347321358e-06,
       -5.1344344471982399e-08, 1.8167131824646819e-02,
       -1.3444196116868682e-03, -5.2151006866959178e-02,
       9.9999999999999989e-01 ]
